# Converted from file sine.wav.
# Channels 2, Sample rate 44100
 0 0
 1592 2157
 3181 4304
 4763 6433
 6333 8533
 7887 10595
 9423 12611
 10936 14572
 12423 16468
 13880 18291
 15304 20034
 16691 21689
 18038 23248
 19341 24705
 20598 26052
 21806 27285
 22961 28398
 24061 29386
 25103 30244
 26086 30969
 27005 31557
 27859 32006
 28647 32315
 29366 32480
 30014 32503
 30590 32383
 31093 32120
 31521 31715
 31873 31170
 32149 30489
 32348 29672
 32469 28725
 32511 27652
 32476 26457
 32363 25145
 32172 23722
 31904 22195
 31559 20570
 31139 18854
 30643 17055
 30074 15181
 29433 13240
 28721 11241
 27940 9192
 27092 7103
 26179 4983
 25203 2840
 24167 685
 23072 -1473
 21922 -3625
 20720 -5760
 19468 -7870
 18168 -9946
 16826 -11978
 15443 -13956
 14022 -15874
 12569 -17721
 11084 -19491
 9574 -21174
 8040 -22764
 6487 -24254
 4918 -25637
 3338 -26907
 1750 -28059
 157 -29087
 -1436 -29986
 -3026 -30754
 -4608 -31386
 -6179 -31880
 -7735 -32233
 -9273 -32444
 -10789 -32512
 -12278 -32437
 -13739 -32220
 -15166 -31860
 -16556 -31359
 -17907 -30721
 -19215 -29947
 -20477 -29041
 -21690 -28007
 -22850 -26850
 -23956 -25575
 -25004 -24186
 -25992 -22692
 -26918 -21097
 -27779 -19409
 -28573 -17636
 -29299 -15785
 -29954 -13864
 -30538 -11883
 -31048 -9849
 -31483 -7771
 -31843 -5660
 -32126 -3523
 -32332 -1371
 -32461 787
 -32512 2942
 -32484 5083
 -32379 7202
 -32195 9290
 -31935 11337
 -31598 13333
 -31184 15271
 -30696 17142
 -30135 18937
 -29501 20648
 -28796 22269
 -28021 23791
 -27180 25209
 -26273 26516
 -25303 27705
 -24273 28773
 -23184 29714
 -22039 30524
 -20842 31199
 -19594 31737
 -18300 32135
 -16961 32392
 -15582 32505
 -14165 32476
 -12715 32303
 -11233 31988
 -9725 31532
 -8194 30937
 -6642 30206
 -5075 29342
 -3496 28348
 -1908 27230
 -315 25991
 1278 24638
 2868 23177
 4451 21613
 6023 19954
 7581 18207
 9121 16380
 10639 14480
 12131 12517
 13595 10499
 15025 8434
 16420 6333
 17775 4203
 19087 2055
 20354 -102
 21571 -2259
 22737 -4406
 23848 -6533
 24902 -8632
 25896 -10693
 26828 -12706
 27696 -14664
 28497 -16556
 29229 -18376
 29892 -20115
 30482 -21766
 30999 -23320
 31442 -24772
 31810 -26114
 32101 -27342
 32315 -28448
 32451 -29430
 32509 -30282
 32489 -31000
 32392 -31582
 32216 -32025
 31963 -32327
 31633 -32486
 31228 -32502
 30747 -32374
 30192 -32105
 29565 -31693
 28867 -31142
 28100 -30454
 27265 -29632
 26365 -28679
 25401 -27599
 24376 -26398
 23293 -25081
 22154 -23653
 20962 -22121
 19719 -20492
 18429 -18772
 17094 -16969
 15719 -15092
 14306 -13148
 12858 -11146
 11380 -9096
 9874 -7005
 8345 -4883
 6795 -2739
 5230 -584
 3651 1574
 2064 3725
 472 5859
 -1121 7968
 -2712 10042
 -4296 12071
 -5870 14047
 -7429 15962
 -8971 17806
 -10491 19571
 -11986 21251
 -13452 22836
 -14886 24321
 -16285 25699
 -17644 26964
 -18960 28109
 -20232 29131
 -21454 30025
 -22625 30786
 -23742 31411
 -24802 31899
 -25802 32245
 -26740 32450
 -27614 32511
 -28422 32429
 -29161 32205
 -29830 31838
 -30428 31331
 -30953 30686
 -31403 29906
 -31778 28994
 -32076 27954
 -32298 26792
 -32442 25511
 -32508 24117
 -32496 22618
 -32406 21018
 -32238 19326
 -31992 17549
 -31670 15695
 -31272 13771
 -30799 11787
 -30252 9751
 -29632 7671
 -28940 5558
 -28180 3421
 -27352 1268
 -26458 -890
 -25500 -3044
 -24481 -5185
 -23404 -7303
 -22270 -9389
 -21083 -11433
 -19845 -13427
 -18559 -15362
 -17229 -17229
 -15858 -19021
 -14448 -20728
 -13004 -22344
 -11528 -23862
 -10025 -25274
 -8498 -26576
 -6950 -27760
 -5386 -28821
 -3809 -29756
 -2222 -30560
 -630 -31229
 963 -31760
 2554 -32151
 4139 -32401
 5714 -32508
 7275 -32472
 8818 -32292
 10341 -31971
 11839 -31508
 13308 -30907
 14745 -30169
 16147 -29299
 17510 -28299
 18831 -27175
 20107 -25931
 21335 -24573
 22511 -23106
 23633 -21538
 24698 -19874
 25705 -18123
 26649 -16293
 27529 -14390
 28344 -12424
 29090 -10403
 29766 -8337
 30371 -6234
 30903 -4103
 31361 -1954
 31743 203
 32049 2360
 32278 4506
 32430 6632
 32504 8729
 32499 10788
 32417 12799
 32257 14753
 32019 16643
 31705 18459
 31314 20194
 30848 21840
 30308 23390
 29695 24837
 29011 26174
 28257 27396
 27435 28497
 26548 29472
 25596 30318
 24584 31030
 23512 31605
 22383 32041
 21201 32336
 19968 32489
 18687 32498
 17362 32364
 15994 32087
 14588 31669
 13147 31112
